task_id,Unnamed: 0,parents,job_id,instances_num,task_type,status,start_time,end_time,cpu,memory,duration,submit_time,disk,EST,EFT,MET,LFT,AST,VmId,ru,children,initial_EST,initial_EFT,initial_MET,initial_LFT,rankScore
ID00000_0,0,"['ID00006', 'ID00017', 'ID00027', 'ID00004', 'ID00015', 'ID00025', 'ID00008', 'ID00019', 'ID00029', 'ID00012', 'ID00023', 'ID00010', 'ID00021']",ID00000,1,CyberShake,Terminated,0,100000000000,1,26,1,0,0,42,44,2,45.0,1000.0,1,1.0,[],17,18,1,1000.0,81
ID00000_1,1,"['ID00006', 'ID00017', 'ID00027', 'ID00004', 'ID00015', 'ID00025', 'ID00008', 'ID00019', 'ID00029', 'ID00012', 'ID00023', 'ID00010', 'ID00021']",ID00000,1,CyberShake,Terminated,0,100000000000,1,485,1,0,0,26,33,7,45.0,1000.0,9,11.0,[],17,28,11,1000.0,60
ID00000_2,2,"['ID00006', 'ID00017', 'ID00027', 'ID00004', 'ID00015', 'ID00025', 'ID00008', 'ID00019', 'ID00029', 'ID00012', 'ID00023', 'ID00010', 'ID00021']",ID00000,1,CyberShake,Terminated,0,100000000000,1,80,1,0,0,43,44,1,45.0,1000.0,8,2.0,[],17,19,2,1000.0,82
ID00000_3,3,"['ID00006', 'ID00017', 'ID00027', 'ID00004', 'ID00015', 'ID00025', 'ID00008', 'ID00019', 'ID00029', 'ID00012', 'ID00023', 'ID00010', 'ID00021']",ID00000,1,CyberShake,Terminated,0,100000000000,1,341,1,0,0,33,38,5,45.0,1000.0,9,8.0,[],17,25,8,1000.0,67
ID00000_4,4,"['ID00006', 'ID00017', 'ID00027', 'ID00004', 'ID00015', 'ID00025', 'ID00008', 'ID00019', 'ID00029', 'ID00012', 'ID00023', 'ID00010', 'ID00021']",ID00000,1,CyberShake,Terminated,0,100000000000,1,86,1,0,0,42,45,3,45.0,1000.0,4,2.0,[],17,19,2,1000.0,80
ID00000_5,5,"['ID00006', 'ID00017', 'ID00027', 'ID00004', 'ID00015', 'ID00025', 'ID00008', 'ID00019', 'ID00029', 'ID00012', 'ID00023', 'ID00010', 'ID00021']",ID00000,1,CyberShake,Terminated,0,100000000000,1,247,1,0,0,36,43,7,45.0,1000.0,6,6.0,[],17,23,6,1000.0,69
ID00000_6,6,"['ID00006', 'ID00017', 'ID00027', 'ID00004', 'ID00015', 'ID00025', 'ID00008', 'ID00019', 'ID00029', 'ID00012', 'ID00023', 'ID00010', 'ID00021']",ID00000,1,CyberShake,Terminated,0,100000000000,1,303,1,0,0,39,43,4,45.0,1000.0,8,7.0,[],17,24,7,1000.0,76
ID00000_7,7,"['ID00006', 'ID00017', 'ID00027', 'ID00004', 'ID00015', 'ID00025', 'ID00008', 'ID00019', 'ID00029', 'ID00012', 'ID00023', 'ID00010', 'ID00021']",ID00000,1,CyberShake,Terminated,0,100000000000,1,397,1,0,0,26,36,10,45.0,1000.0,5,9.0,[],17,26,9,1000.0,63
ID00000_8,8,"['ID00006', 'ID00017', 'ID00027', 'ID00004', 'ID00015', 'ID00025', 'ID00008', 'ID00019', 'ID00029', 'ID00012', 'ID00023', 'ID00010', 'ID00021']",ID00000,1,CyberShake,Terminated,0,100000000000,1,371,1,0,0,33,38,5,45.0,1000.0,10,8.0,[],17,25,8,1000.0,68
ID00000_9,9,"['ID00006', 'ID00017', 'ID00027', 'ID00004', 'ID00015', 'ID00025', 'ID00008', 'ID00019', 'ID00029', 'ID00012', 'ID00023', 'ID00010', 'ID00021']",ID00000,1,CyberShake,Terminated,0,100000000000,1,196,1,0,0,37,42,5,45.0,1000.0,4,5.0,[],17,22,5,1000.0,72
ID00000_10,10,"['ID00006', 'ID00017', 'ID00027', 'ID00004', 'ID00015', 'ID00025', 'ID00008', 'ID00019', 'ID00029', 'ID00012', 'ID00023', 'ID00010', 'ID00021']",ID00000,1,CyberShake,Terminated,0,100000000000,1,264,1,0,0,36,43,7,45.0,1000.0,5,6.0,[],17,23,6,1000.0,70
ID00000_11,11,"['ID00006', 'ID00017', 'ID00027', 'ID00004', 'ID00015', 'ID00025', 'ID00008', 'ID00019', 'ID00029', 'ID00012', 'ID00023', 'ID00010', 'ID00021']",ID00000,1,CyberShake,Terminated,0,100000000000,1,318,1,0,0,26,42,16,45.0,1000.0,1,7.0,[],17,24,7,1000.0,64
ID00000_12,12,"['ID00006', 'ID00017', 'ID00027', 'ID00004', 'ID00015', 'ID00025', 'ID00008', 'ID00019', 'ID00029', 'ID00012', 'ID00023', 'ID00010', 'ID00021']",ID00000,1,CyberShake,Terminated,0,100000000000,1,511,1,0,0,26,33,7,45.0,1000.0,8,11.0,[],17,28,11,1000.0,61
ID00000_13,13,"['ID00006', 'ID00017', 'ID00027', 'ID00004', 'ID00015', 'ID00025', 'ID00008', 'ID00019', 'ID00029', 'ID00012', 'ID00023', 'ID00010', 'ID00021']",ID00000,1,CyberShake,Terminated,0,100000000000,1,0,1,0,0,43,43,0,45.0,1000.0,2,0.0,[],17,17,0,1000.0,87
ID00001_0,14,"['ID00028', 'ID00005', 'ID00016', 'ID00026', 'ID00003', 'ID00014', 'ID00009', 'ID00007', 'ID00018', 'ID00020', 'ID00024', 'ID00011', 'ID00022']",ID00001,1,CyberShake,Terminated,0,100000000000,1,63,1,0,0,43,45,2,45.0,1000.0,5,2.0,[],10,12,2,1000.0,83
ID00001_1,15,"['ID00028', 'ID00005', 'ID00016', 'ID00026', 'ID00003', 'ID00014', 'ID00009', 'ID00007', 'ID00018', 'ID00020', 'ID00024', 'ID00011', 'ID00022']",ID00001,1,CyberShake,Terminated,0,100000000000,1,364,1,0,0,24,43,19,45.0,1000.0,3,8.0,[],10,18,8,1000.0,54
ID00001_2,16,"['ID00028', 'ID00005', 'ID00016', 'ID00026', 'ID00003', 'ID00014', 'ID00009', 'ID00007', 'ID00018', 'ID00020', 'ID00024', 'ID00011', 'ID00022']",ID00001,1,CyberShake,Terminated,0,100000000000,1,219,1,0,0,37,43,6,45.0,1000.0,7,5.0,[],10,15,5,1000.0,73
ID00001_3,17,"['ID00028', 'ID00005', 'ID00016', 'ID00026', 'ID00003', 'ID00014', 'ID00009', 'ID00007', 'ID00018', 'ID00020', 'ID00024', 'ID00011', 'ID00022']",ID00001,1,CyberShake,Terminated,0,100000000000,1,288,1,0,0,38,42,4,45.0,1000.0,10,7.0,[],10,17,7,1000.0,74
ID00001_4,18,"['ID00028', 'ID00005', 'ID00016', 'ID00026', 'ID00003', 'ID00014', 'ID00009', 'ID00007', 'ID00018', 'ID00020', 'ID00024', 'ID00011', 'ID00022']",ID00001,1,CyberShake,Terminated,0,100000000000,1,281,1,0,0,38,42,4,45.0,1000.0,9,7.0,[],10,17,7,1000.0,75
ID00001_5,19,"['ID00028', 'ID00005', 'ID00016', 'ID00026', 'ID00003', 'ID00014', 'ID00009', 'ID00007', 'ID00018', 'ID00020', 'ID00024', 'ID00011', 'ID00022']",ID00001,1,CyberShake,Terminated,0,100000000000,1,26,1,0,0,43,44,1,45.0,1000.0,6,1.0,[],10,11,1,1000.0,84
ID00001_6,20,"['ID00028', 'ID00005', 'ID00016', 'ID00026', 'ID00003', 'ID00014', 'ID00009', 'ID00007', 'ID00018', 'ID00020', 'ID00024', 'ID00011', 'ID00022']",ID00001,1,CyberShake,Terminated,0,100000000000,1,419,1,0,0,33,39,6,45.0,1000.0,8,9.0,[],10,19,9,1000.0,66
ID00001_7,21,"['ID00028', 'ID00005', 'ID00016', 'ID00026', 'ID00003', 'ID00014', 'ID00009', 'ID00007', 'ID00018', 'ID00020', 'ID00024', 'ID00011', 'ID00022']",ID00001,1,CyberShake,Terminated,0,100000000000,1,472,1,0,0,25,31,6,45.0,1000.0,11,11.0,[],10,21,11,1000.0,57
ID00001_8,22,"['ID00028', 'ID00005', 'ID00016', 'ID00026', 'ID00003', 'ID00014', 'ID00009', 'ID00007', 'ID00018', 'ID00020', 'ID00024', 'ID00011', 'ID00022']",ID00001,1,CyberShake,Terminated,0,100000000000,1,202,1,0,0,42,45,3,45.0,1000.0,9,5.0,[],10,15,5,1000.0,77
ID00001_9,23,"['ID00028', 'ID00005', 'ID00016', 'ID00026', 'ID00003', 'ID00014', 'ID00009', 'ID00007', 'ID00018', 'ID00020', 'ID00024', 'ID00011', 'ID00022']",ID00001,1,CyberShake,Terminated,0,100000000000,1,510,1,0,0,24,37,13,45.0,1000.0,7,11.0,[],10,21,11,1000.0,53
ID00001_10,24,"['ID00028', 'ID00005', 'ID00016', 'ID00026', 'ID00003', 'ID00014', 'ID00009', 'ID00007', 'ID00018', 'ID00020', 'ID00024', 'ID00011', 'ID00022']",ID00001,1,CyberShake,Terminated,0,100000000000,1,370,1,0,0,37,42,5,45.0,1000.0,11,8.0,[],10,18,8,1000.0,71
ID00001_11,25,"['ID00028', 'ID00005', 'ID00016', 'ID00026', 'ID00003', 'ID00014', 'ID00009', 'ID00007', 'ID00018', 'ID00020', 'ID00024', 'ID00011', 'ID00022']",ID00001,1,CyberShake,Terminated,0,100000000000,1,40,1,0,0,43,44,1,45.0,1000.0,7,1.0,[],10,11,1,1000.0,85
ID00001_12,26,"['ID00028', 'ID00005', 'ID00016', 'ID00026', 'ID00003', 'ID00014', 'ID00009', 'ID00007', 'ID00018', 'ID00020', 'ID00024', 'ID00011', 'ID00022']",ID00001,1,CyberShake,Terminated,0,100000000000,1,449,1,0,0,25,37,12,45.0,1000.0,4,10.0,[],10,20,10,1000.0,58
ID00001_13,27,"['ID00028', 'ID00005', 'ID00016', 'ID00026', 'ID00003', 'ID00014', 'ID00009', 'ID00007', 'ID00018', 'ID00020', 'ID00024', 'ID00011', 'ID00022']",ID00001,1,CyberShake,Terminated,0,100000000000,1,8,1,0,0,43,44,1,45.0,1000.0,0,1.0,[],10,11,1,1000.0,86
ID00002_0,28,[],ID00002,1,CyberShake,Terminated,0,100000000000,1,481,1,0,0,26,33,7,45.0,1000.0,10,11.0,[],0,11,11,1000.0,62
ID00002_1,29,[],ID00002,1,CyberShake,Terminated,0,100000000000,1,410,1,0,0,31,37,6,45.0,1000.0,11,9.0,[],0,9,9,1000.0,65
ID00002_2,30,[],ID00002,1,CyberShake,Terminated,0,100000000000,1,373,1,0,0,24,43,19,45.0,1000.0,0,8.0,[],0,8,8,1000.0,55
ID00002_3,31,[],ID00002,1,CyberShake,Terminated,0,100000000000,1,142,1,0,0,42,44,2,45.0,1000.0,11,4.0,[],0,4,4,1000.0,78
ID00003_0,32,[],ID00003,1,CyberShake,Terminated,0,100000000000,1,38,1,0,0,14,16,2,43.0,1000.0,2,16.0,"['ID00001_0', 'ID00001_1', 'ID00001_2', 'ID00001_3', 'ID00001_4', 'ID00001_5', 'ID00001_6', 'ID00001_7', 'ID00001_8', 'ID00001_9', 'ID00001_10', 'ID00001_11', 'ID00001_12', 'ID00001_13', 'ID00004_0', 'ID00004_1']",0,1,1,985.0,33
ID00003_1,33,[],ID00003,1,CyberShake,Terminated,0,100000000000,1,63,1,0,0,11,15,4,41.0,1000.0,3,17.0,"['ID00001_0', 'ID00001_1', 'ID00001_2', 'ID00001_3', 'ID00001_4', 'ID00001_5', 'ID00001_6', 'ID00001_7', 'ID00001_8', 'ID00001_9', 'ID00001_10', 'ID00001_11', 'ID00001_12', 'ID00001_13', 'ID00004_0', 'ID00004_1']",0,2,2,985.0,28
ID00004_0,34,['ID00003'],ID00004,1,CyberShake,Terminated,0,100000000000,1,142,1,0,0,16,24,8,37.0,1000.0,2,15.0,"['ID00000_0', 'ID00000_1', 'ID00000_2', 'ID00000_3', 'ID00000_4', 'ID00000_5', 'ID00000_6', 'ID00000_7', 'ID00000_8', 'ID00000_9', 'ID00000_10', 'ID00000_11', 'ID00000_12', 'ID00000_13']",1,5,4,989.0,36
ID00004_1,35,['ID00003'],ID00004,1,CyberShake,Terminated,0,100000000000,1,26,1,0,0,24,25,1,44.0,1000.0,4,12.0,"['ID00000_0', 'ID00000_1', 'ID00000_2', 'ID00000_3', 'ID00000_4', 'ID00000_5', 'ID00000_6', 'ID00000_7', 'ID00000_8', 'ID00000_9', 'ID00000_10', 'ID00000_11', 'ID00000_12', 'ID00000_13']",1,2,1,989.0,51
ID00005_0,36,[],ID00005,1,CyberShake,Terminated,0,100000000000,1,111,1,0,0,0,6,6,39.0,1000.0,1,25.0,"['ID00001_0', 'ID00001_1', 'ID00001_2', 'ID00001_3', 'ID00001_4', 'ID00001_5', 'ID00001_6', 'ID00001_7', 'ID00001_8', 'ID00001_9', 'ID00001_10', 'ID00001_11', 'ID00001_12', 'ID00001_13', 'ID00006_0', 'ID00006_1']",0,3,3,978.0,10
ID00005_1,37,[],ID00005,1,CyberShake,Terminated,0,100000000000,1,364,1,0,0,0,5,5,40.0,1000.0,10,30.0,"['ID00001_0', 'ID00001_1', 'ID00001_2', 'ID00001_3', 'ID00001_4', 'ID00001_5', 'ID00001_6', 'ID00001_7', 'ID00001_8', 'ID00001_9', 'ID00001_10', 'ID00001_11', 'ID00001_12', 'ID00001_13', 'ID00006_0', 'ID00006_1']",0,8,8,978.0,3
ID00006_0,38,['ID00005'],ID00006,1,CyberShake,Terminated,0,100000000000,1,511,1,0,0,10,17,7,38.0,1000.0,11,22.0,"['ID00000_0', 'ID00000_1', 'ID00000_2', 'ID00000_3', 'ID00000_4', 'ID00000_5', 'ID00000_6', 'ID00000_7', 'ID00000_8', 'ID00000_9', 'ID00000_10', 'ID00000_11', 'ID00000_12', 'ID00000_13']",3,14,11,989.0,21
ID00006_1,39,['ID00005'],ID00006,1,CyberShake,Terminated,0,100000000000,1,485,1,0,0,11,18,7,38.0,1000.0,8,22.0,"['ID00000_0', 'ID00000_1', 'ID00000_2', 'ID00000_3', 'ID00000_4', 'ID00000_5', 'ID00000_6', 'ID00000_7', 'ID00000_8', 'ID00000_9', 'ID00000_10', 'ID00000_11', 'ID00000_12', 'ID00000_13']",3,14,11,989.0,23
ID00007_0,40,[],ID00007,1,CyberShake,Terminated,0,100000000000,1,109,1,0,0,6,12,6,39.0,1000.0,1,20.0,"['ID00001_0', 'ID00001_1', 'ID00001_2', 'ID00001_3', 'ID00001_4', 'ID00001_5', 'ID00001_6', 'ID00001_7', 'ID00001_8', 'ID00001_9', 'ID00001_10', 'ID00001_11', 'ID00001_12', 'ID00001_13', 'ID00008_0', 'ID00008_1']",0,3,3,983.0,17
ID00007_1,41,[],ID00007,1,CyberShake,Terminated,0,100000000000,1,219,1,0,0,0,11,11,34.0,1000.0,3,22.0,"['ID00001_0', 'ID00001_1', 'ID00001_2', 'ID00001_3', 'ID00001_4', 'ID00001_5', 'ID00001_6', 'ID00001_7', 'ID00001_8', 'ID00001_9', 'ID00001_10', 'ID00001_11', 'ID00001_12', 'ID00001_13', 'ID00008_0', 'ID00008_1']",0,5,5,983.0,12
ID00008_0,42,['ID00007'],ID00008,1,CyberShake,Terminated,0,100000000000,1,256,1,0,0,12,25,13,32.0,1000.0,1,17.0,"['ID00000_0', 'ID00000_1', 'ID00000_2', 'ID00000_3', 'ID00000_4', 'ID00000_5', 'ID00000_6', 'ID00000_7', 'ID00000_8', 'ID00000_9', 'ID00000_10', 'ID00000_11', 'ID00000_12', 'ID00000_13']",3,9,6,989.0,31
ID00008_1,43,['ID00007'],ID00008,1,CyberShake,Terminated,0,100000000000,1,80,1,0,0,24,25,1,44.0,1000.0,9,13.0,"['ID00000_0', 'ID00000_1', 'ID00000_2', 'ID00000_3', 'ID00000_4', 'ID00000_5', 'ID00000_6', 'ID00000_7', 'ID00000_8', 'ID00000_9', 'ID00000_10', 'ID00000_11', 'ID00000_12', 'ID00000_13']",3,5,2,989.0,49
ID00009_0,44,[],ID00009,1,CyberShake,Terminated,0,100000000000,1,458,1,0,0,0,6,6,39.0,1000.0,11,29.0,"['ID00001_0', 'ID00001_1', 'ID00001_2', 'ID00001_3', 'ID00001_4', 'ID00001_5', 'ID00001_6', 'ID00001_7', 'ID00001_8', 'ID00001_9', 'ID00001_10', 'ID00001_11', 'ID00001_12', 'ID00001_13', 'ID00010_0', 'ID00010_1']",0,10,10,981.0,4
ID00009_1,45,[],ID00009,1,CyberShake,Terminated,0,100000000000,1,288,1,0,0,0,8,8,37.0,1000.0,6,26.0,"['ID00001_0', 'ID00001_1', 'ID00001_2', 'ID00001_3', 'ID00001_4', 'ID00001_5', 'ID00001_6', 'ID00001_7', 'ID00001_8', 'ID00001_9', 'ID00001_10', 'ID00001_11', 'ID00001_12', 'ID00001_13', 'ID00010_0', 'ID00010_1']",0,7,7,981.0,7
ID00010_0,46,['ID00009'],ID00010,1,CyberShake,Terminated,0,100000000000,1,201,1,0,0,22,25,3,42.0,1000.0,8,16.0,"['ID00000_0', 'ID00000_1', 'ID00000_2', 'ID00000_3', 'ID00000_4', 'ID00000_5', 'ID00000_6', 'ID00000_7', 'ID00000_8', 'ID00000_9', 'ID00000_10', 'ID00000_11', 'ID00000_12', 'ID00000_13']",10,15,5,989.0,47
ID00010_1,47,['ID00009'],ID00010,1,CyberShake,Terminated,0,100000000000,1,341,1,0,0,11,20,9,36.0,1000.0,5,19.0,"['ID00000_0', 'ID00000_1', 'ID00000_2', 'ID00000_3', 'ID00000_4', 'ID00000_5', 'ID00000_6', 'ID00000_7', 'ID00000_8', 'ID00000_9', 'ID00000_10', 'ID00000_11', 'ID00000_12', 'ID00000_13']",10,18,8,989.0,25
ID00011_0,48,[],ID00011,1,CyberShake,Terminated,0,100000000000,1,142,1,0,0,13,21,8,37.0,1000.0,0,17.0,"['ID00001_0', 'ID00001_1', 'ID00001_2', 'ID00001_3', 'ID00001_4', 'ID00001_5', 'ID00001_6', 'ID00001_7', 'ID00001_8', 'ID00001_9', 'ID00001_10', 'ID00001_11', 'ID00001_12', 'ID00001_13', 'ID00012_0', 'ID00012_1']",0,4,4,987.0,32
ID00011_1,49,[],ID00011,1,CyberShake,Terminated,0,100000000000,1,281,1,0,0,11,19,8,37.0,1000.0,4,20.0,"['ID00001_0', 'ID00001_1', 'ID00001_2', 'ID00001_3', 'ID00001_4', 'ID00001_5', 'ID00001_6', 'ID00001_7', 'ID00001_8', 'ID00001_9', 'ID00001_10', 'ID00001_11', 'ID00001_12', 'ID00001_13', 'ID00012_0', 'ID00012_1']",0,7,7,987.0,24
ID00012_0,50,['ID00011'],ID00012,1,CyberShake,Terminated,0,100000000000,1,80,1,0,0,23,24,1,44.0,1000.0,10,13.0,"['ID00000_0', 'ID00000_1', 'ID00000_2', 'ID00000_3', 'ID00000_4', 'ID00000_5', 'ID00000_6', 'ID00000_7', 'ID00000_8', 'ID00000_9', 'ID00000_10', 'ID00000_11', 'ID00000_12', 'ID00000_13']",4,6,2,989.0,48
ID00012_1,51,['ID00011'],ID00012,1,CyberShake,Terminated,0,100000000000,1,86,1,0,0,24,26,2,43.0,1000.0,10,13.0,"['ID00000_0', 'ID00000_1', 'ID00000_2', 'ID00000_3', 'ID00000_4', 'ID00000_5', 'ID00000_6', 'ID00000_7', 'ID00000_8', 'ID00000_9', 'ID00000_10', 'ID00000_11', 'ID00000_12', 'ID00000_13']",4,6,2,989.0,50
ID00013_0,52,[],ID00013,1,CyberShake,Terminated,0,100000000000,1,365,1,0,0,24,43,19,45.0,1000.0,2,8.0,[],0,8,8,1000.0,56
ID00013_1,53,[],ID00013,1,CyberShake,Terminated,0,100000000000,1,401,1,0,0,25,36,11,45.0,1000.0,6,9.0,[],0,9,9,1000.0,59
ID00013_2,54,[],ID00013,1,CyberShake,Terminated,0,100000000000,1,172,1,0,0,42,45,3,45.0,1000.0,10,4.0,[],0,4,4,1000.0,79
ID00014_0,55,[],ID00014,1,CyberShake,Terminated,0,100000000000,1,362,1,0,0,10,15,5,40.0,1000.0,9,25.0,"['ID00001_0', 'ID00001_1', 'ID00001_2', 'ID00001_3', 'ID00001_4', 'ID00001_5', 'ID00001_6', 'ID00001_7', 'ID00001_8', 'ID00001_9', 'ID00001_10', 'ID00001_11', 'ID00001_12', 'ID00001_13', 'ID00015_0', 'ID00015_1']",0,8,8,983.0,20
ID00014_1,56,[],ID00014,1,CyberShake,Terminated,0,100000000000,1,26,1,0,0,11,13,2,43.0,1000.0,0,18.0,"['ID00001_0', 'ID00001_1', 'ID00001_2', 'ID00001_3', 'ID00001_4', 'ID00001_5', 'ID00001_6', 'ID00001_7', 'ID00001_8', 'ID00001_9', 'ID00001_10', 'ID00001_11', 'ID00001_12', 'ID00001_13', 'ID00015_0', 'ID00015_1']",0,1,1,983.0,26
ID00015_0,57,['ID00014'],ID00015,1,CyberShake,Terminated,0,100000000000,1,166,1,0,0,15,24,9,36.0,1000.0,3,15.0,"['ID00000_0', 'ID00000_1', 'ID00000_2', 'ID00000_3', 'ID00000_4', 'ID00000_5', 'ID00000_6', 'ID00000_7', 'ID00000_8', 'ID00000_9', 'ID00000_10', 'ID00000_11', 'ID00000_12', 'ID00000_13']",8,12,4,989.0,35
ID00015_1,58,['ID00014'],ID00015,1,CyberShake,Terminated,0,100000000000,1,247,1,0,0,21,25,4,41.0,1000.0,11,17.0,"['ID00000_0', 'ID00000_1', 'ID00000_2', 'ID00000_3', 'ID00000_4', 'ID00000_5', 'ID00000_6', 'ID00000_7', 'ID00000_8', 'ID00000_9', 'ID00000_10', 'ID00000_11', 'ID00000_12', 'ID00000_13']",8,14,6,989.0,45
ID00016_0,59,[],ID00016,1,CyberShake,Terminated,0,100000000000,1,427,1,0,0,0,11,11,34.0,1000.0,4,28.0,"['ID00001_0', 'ID00001_1', 'ID00001_2', 'ID00001_3', 'ID00001_4', 'ID00001_5', 'ID00001_6', 'ID00001_7', 'ID00001_8', 'ID00001_9', 'ID00001_10', 'ID00001_11', 'ID00001_12', 'ID00001_13', 'ID00017_0', 'ID00017_1']",0,10,10,982.0,5
ID00016_1,60,[],ID00016,1,CyberShake,Terminated,0,100000000000,1,419,1,0,0,0,11,11,34.0,1000.0,5,27.0,"['ID00001_0', 'ID00001_1', 'ID00001_2', 'ID00001_3', 'ID00001_4', 'ID00001_5', 'ID00001_6', 'ID00001_7', 'ID00001_8', 'ID00001_9', 'ID00001_10', 'ID00001_11', 'ID00001_12', 'ID00001_13', 'ID00017_0', 'ID00017_1']",0,9,9,982.0,6
ID00017_0,61,['ID00016'],ID00017,1,CyberShake,Terminated,0,100000000000,1,287,1,0,0,19,23,4,41.0,1000.0,10,18.0,"['ID00000_0', 'ID00000_1', 'ID00000_2', 'ID00000_3', 'ID00000_4', 'ID00000_5', 'ID00000_6', 'ID00000_7', 'ID00000_8', 'ID00000_9', 'ID00000_10', 'ID00000_11', 'ID00000_12', 'ID00000_13']",10,17,7,989.0,39
ID00017_1,62,['ID00016'],ID00017,1,CyberShake,Terminated,0,100000000000,1,303,1,0,0,18,22,4,41.0,1000.0,8,18.0,"['ID00000_0', 'ID00000_1', 'ID00000_2', 'ID00000_3', 'ID00000_4', 'ID00000_5', 'ID00000_6', 'ID00000_7', 'ID00000_8', 'ID00000_9', 'ID00000_10', 'ID00000_11', 'ID00000_12', 'ID00000_13']",10,17,7,989.0,38
ID00018_0,63,[],ID00018,1,CyberShake,Terminated,0,100000000000,1,271,1,0,0,6,10,4,41.0,1000.0,9,26.0,"['ID00001_0', 'ID00001_1', 'ID00001_2', 'ID00001_3', 'ID00001_4', 'ID00001_5', 'ID00001_6', 'ID00001_7', 'ID00001_8', 'ID00001_9', 'ID00001_10', 'ID00001_11', 'ID00001_12', 'ID00001_13', 'ID00019_0', 'ID00019_1']",0,6,6,980.0,14
ID00018_1,64,[],ID00018,1,CyberShake,Terminated,0,100000000000,1,472,1,0,0,0,6,6,39.0,1000.0,9,31.0,"['ID00001_0', 'ID00001_1', 'ID00001_2', 'ID00001_3', 'ID00001_4', 'ID00001_5', 'ID00001_6', 'ID00001_7', 'ID00001_8', 'ID00001_9', 'ID00001_10', 'ID00001_11', 'ID00001_12', 'ID00001_13', 'ID00019_0', 'ID00019_1']",0,11,11,980.0,2
ID00019_0,65,['ID00018'],ID00019,1,CyberShake,Terminated,0,100000000000,1,140,1,0,0,20,24,4,41.0,1000.0,7,14.0,"['ID00000_0', 'ID00000_1', 'ID00000_2', 'ID00000_3', 'ID00000_4', 'ID00000_5', 'ID00000_6', 'ID00000_7', 'ID00000_8', 'ID00000_9', 'ID00000_10', 'ID00000_11', 'ID00000_12', 'ID00000_13']",6,9,3,989.0,43
ID00019_1,66,['ID00018'],ID00019,1,CyberShake,Terminated,0,100000000000,1,397,1,0,0,10,20,10,35.0,1000.0,7,20.0,"['ID00000_0', 'ID00000_1', 'ID00000_2', 'ID00000_3', 'ID00000_4', 'ID00000_5', 'ID00000_6', 'ID00000_7', 'ID00000_8', 'ID00000_9', 'ID00000_10', 'ID00000_11', 'ID00000_12', 'ID00000_13']",6,15,9,989.0,22
ID00020_0,67,[],ID00020,1,CyberShake,Terminated,0,100000000000,1,241,1,0,0,6,10,4,41.0,1000.0,11,25.0,"['ID00001_0', 'ID00001_1', 'ID00001_2', 'ID00001_3', 'ID00001_4', 'ID00001_5', 'ID00001_6', 'ID00001_7', 'ID00001_8', 'ID00001_9', 'ID00001_10', 'ID00001_11', 'ID00001_12', 'ID00001_13', 'ID00021_0', 'ID00021_1']",0,6,6,981.0,16
ID00020_1,68,[],ID00020,1,CyberShake,Terminated,0,100000000000,1,202,1,0,0,0,11,11,34.0,1000.0,2,24.0,"['ID00001_0', 'ID00001_1', 'ID00001_2', 'ID00001_3', 'ID00001_4', 'ID00001_5', 'ID00001_6', 'ID00001_7', 'ID00001_8', 'ID00001_9', 'ID00001_10', 'ID00001_11', 'ID00001_12', 'ID00001_13', 'ID00021_0', 'ID00021_1']",0,5,5,981.0,11
ID00021_0,69,['ID00020'],ID00021,1,CyberShake,Terminated,0,100000000000,1,45,1,0,0,24,26,2,43.0,1000.0,5,12.0,"['ID00000_0', 'ID00000_1', 'ID00000_2', 'ID00000_3', 'ID00000_4', 'ID00000_5', 'ID00000_6', 'ID00000_7', 'ID00000_8', 'ID00000_9', 'ID00000_10', 'ID00000_11', 'ID00000_12', 'ID00000_13']",6,7,1,989.0,52
ID00021_1,70,['ID00020'],ID00021,1,CyberShake,Terminated,0,100000000000,1,371,1,0,0,15,20,5,40.0,1000.0,9,19.0,"['ID00000_0', 'ID00000_1', 'ID00000_2', 'ID00000_3', 'ID00000_4', 'ID00000_5', 'ID00000_6', 'ID00000_7', 'ID00000_8', 'ID00000_9', 'ID00000_10', 'ID00000_11', 'ID00000_12', 'ID00000_13']",6,14,8,989.0,34
ID00022_0,71,[],ID00022,1,CyberShake,Terminated,0,100000000000,1,42,1,0,0,11,14,3,42.0,1000.0,2,17.0,"['ID00001_0', 'ID00001_1', 'ID00001_2', 'ID00001_3', 'ID00001_4', 'ID00001_5', 'ID00001_6', 'ID00001_7', 'ID00001_8', 'ID00001_9', 'ID00001_10', 'ID00001_11', 'ID00001_12', 'ID00001_13', 'ID00023_0', 'ID00023_1']",0,1,1,984.0,29
ID00022_1,72,[],ID00022,1,CyberShake,Terminated,0,100000000000,1,510,1,0,0,5,12,7,38.0,1000.0,10,27.0,"['ID00001_0', 'ID00001_1', 'ID00001_2', 'ID00001_3', 'ID00001_4', 'ID00001_5', 'ID00001_6', 'ID00001_7', 'ID00001_8', 'ID00001_9', 'ID00001_10', 'ID00001_11', 'ID00001_12', 'ID00001_13', 'ID00023_0', 'ID00023_1']",0,11,11,984.0,13
ID00023_0,73,['ID00022'],ID00023,1,CyberShake,Terminated,0,100000000000,1,229,1,0,0,19,25,6,39.0,1000.0,6,16.0,"['ID00000_0', 'ID00000_1', 'ID00000_2', 'ID00000_3', 'ID00000_4', 'ID00000_5', 'ID00000_6', 'ID00000_7', 'ID00000_8', 'ID00000_9', 'ID00000_10', 'ID00000_11', 'ID00000_12', 'ID00000_13']",1,6,5,989.0,40
ID00023_1,74,['ID00022'],ID00023,1,CyberShake,Terminated,0,100000000000,1,196,1,0,0,19,24,5,40.0,1000.0,4,16.0,"['ID00000_0', 'ID00000_1', 'ID00000_2', 'ID00000_3', 'ID00000_4', 'ID00000_5', 'ID00000_6', 'ID00000_7', 'ID00000_8', 'ID00000_9', 'ID00000_10', 'ID00000_11', 'ID00000_12', 'ID00000_13']",1,6,5,989.0,41
ID00024_0,75,[],ID00024,1,CyberShake,Terminated,0,100000000000,1,104,1,0,0,8,11,3,42.0,1000.0,6,21.0,"['ID00001_0', 'ID00001_1', 'ID00001_2', 'ID00001_3', 'ID00001_4', 'ID00001_5', 'ID00001_6', 'ID00001_7', 'ID00001_8', 'ID00001_9', 'ID00001_10', 'ID00001_11', 'ID00001_12', 'ID00001_13', 'ID00025_0', 'ID00025_1']",0,3,3,982.0,18
ID00024_1,76,[],ID00024,1,CyberShake,Terminated,0,100000000000,1,370,1,0,0,6,11,5,40.0,1000.0,8,26.0,"['ID00001_0', 'ID00001_1', 'ID00001_2', 'ID00001_3', 'ID00001_4', 'ID00001_5', 'ID00001_6', 'ID00001_7', 'ID00001_8', 'ID00001_9', 'ID00001_10', 'ID00001_11', 'ID00001_12', 'ID00001_13', 'ID00025_0', 'ID00025_1']",0,8,8,982.0,15
ID00025_0,77,['ID00024'],ID00025,1,CyberShake,Terminated,0,100000000000,1,283,1,0,0,17,21,4,41.0,1000.0,11,18.0,"['ID00000_0', 'ID00000_1', 'ID00000_2', 'ID00000_3', 'ID00000_4', 'ID00000_5', 'ID00000_6', 'ID00000_7', 'ID00000_8', 'ID00000_9', 'ID00000_10', 'ID00000_11', 'ID00000_12', 'ID00000_13']",3,10,7,989.0,37
ID00025_1,78,['ID00024'],ID00025,1,CyberShake,Terminated,0,100000000000,1,264,1,0,0,20,24,4,41.0,1000.0,9,17.0,"['ID00000_0', 'ID00000_1', 'ID00000_2', 'ID00000_3', 'ID00000_4', 'ID00000_5', 'ID00000_6', 'ID00000_7', 'ID00000_8', 'ID00000_9', 'ID00000_10', 'ID00000_11', 'ID00000_12', 'ID00000_13']",3,9,6,989.0,42
ID00026_0,79,[],ID00026,1,CyberShake,Terminated,0,100000000000,1,328,1,0,0,0,9,9,36.0,1000.0,7,26.0,"['ID00001_0', 'ID00001_1', 'ID00001_2', 'ID00001_3', 'ID00001_4', 'ID00001_5', 'ID00001_6', 'ID00001_7', 'ID00001_8', 'ID00001_9', 'ID00001_10', 'ID00001_11', 'ID00001_12', 'ID00001_13', 'ID00027_0', 'ID00027_1']",0,8,8,982.0,8
ID00026_1,80,[],ID00026,1,CyberShake,Terminated,0,100000000000,1,40,1,0,0,9,11,2,43.0,1000.0,0,19.0,"['ID00001_0', 'ID00001_1', 'ID00001_2', 'ID00001_3', 'ID00001_4', 'ID00001_5', 'ID00001_6', 'ID00001_7', 'ID00001_8', 'ID00001_9', 'ID00001_10', 'ID00001_11', 'ID00001_12', 'ID00001_13', 'ID00027_0', 'ID00027_1']",0,1,1,982.0,19
ID00027_0,81,['ID00026'],ID00027,1,CyberShake,Terminated,0,100000000000,1,55,1,0,0,21,24,3,42.0,1000.0,0,13.0,"['ID00000_0', 'ID00000_1', 'ID00000_2', 'ID00000_3', 'ID00000_4', 'ID00000_5', 'ID00000_6', 'ID00000_7', 'ID00000_8', 'ID00000_9', 'ID00000_10', 'ID00000_11', 'ID00000_12', 'ID00000_13']",8,10,2,989.0,46
ID00027_1,82,['ID00026'],ID00027,1,CyberShake,Terminated,0,100000000000,1,318,1,0,0,11,19,8,37.0,1000.0,6,18.0,"['ID00000_0', 'ID00000_1', 'ID00000_2', 'ID00000_3', 'ID00000_4', 'ID00000_5', 'ID00000_6', 'ID00000_7', 'ID00000_8', 'ID00000_9', 'ID00000_10', 'ID00000_11', 'ID00000_12', 'ID00000_13']",8,15,7,989.0,27
ID00028_0,83,[],ID00028,1,CyberShake,Terminated,0,100000000000,1,172,1,0,0,0,9,9,36.0,1000.0,0,26.0,"['ID00001_0', 'ID00001_1', 'ID00001_2', 'ID00001_3', 'ID00001_4', 'ID00001_5', 'ID00001_6', 'ID00001_7', 'ID00001_8', 'ID00001_9', 'ID00001_10', 'ID00001_11', 'ID00001_12', 'ID00001_13', 'ID00029_0', 'ID00029_1']",0,4,4,978.0,9
ID00028_1,84,[],ID00028,1,CyberShake,Terminated,0,100000000000,1,449,1,0,0,0,6,6,39.0,1000.0,8,32.0,"['ID00001_0', 'ID00001_1', 'ID00001_2', 'ID00001_3', 'ID00001_4', 'ID00001_5', 'ID00001_6', 'ID00001_7', 'ID00001_8', 'ID00001_9', 'ID00001_10', 'ID00001_11', 'ID00001_12', 'ID00001_13', 'ID00029_0', 'ID00029_1']",0,10,10,978.0,1
ID00029_0,85,['ID00028'],ID00029,1,CyberShake,Terminated,0,100000000000,1,138,1,0,0,20,24,4,41.0,1000.0,5,14.0,"['ID00000_0', 'ID00000_1', 'ID00000_2', 'ID00000_3', 'ID00000_4', 'ID00000_5', 'ID00000_6', 'ID00000_7', 'ID00000_8', 'ID00000_9', 'ID00000_10', 'ID00000_11', 'ID00000_12', 'ID00000_13']",4,7,3,989.0,44
ID00029_1,86,['ID00028'],ID00029,1,CyberShake,Terminated,0,100000000000,1,511,1,0,0,12,19,7,38.0,1000.0,10,22.0,"['ID00000_0', 'ID00000_1', 'ID00000_2', 'ID00000_3', 'ID00000_4', 'ID00000_5', 'ID00000_6', 'ID00000_7', 'ID00000_8', 'ID00000_9', 'ID00000_10', 'ID00000_11', 'ID00000_12', 'ID00000_13']",4,15,11,989.0,30
